3333 3444 3344 4343 3433 4434 3433 4343 3333 3344 4334 4334 4343 3344 4343 3444 3333 3433 4443 4434 
3344 4343 3333 3433 4343 3344 4443 4443 4334 4443 4434 3333 3333 3344 4343 3433 4434 3344 4334 4343 
3333 3444 3333 3444 3344 4434 3333 3344 4443 4434 3344 4434 3433 4434 3433 4434 3433 4343 3333 3344 
4334 4443 4334 4334 4443 4343 3344 4343 3333 3433 4343 3433 4434 3344 4334 4343 3333 3444 3444 3433 
4443 4434 3344 4434 3433 4343 3444 3333 3344 4343 
33 44 34 33 34 44 33 33 44 34 33 34 44 33 33 33 33 33 33 33 
33 44 34 33 34 33 43 43 44 33 33 33 33 44 43 34 43 44 33 44 
34 44 44 34 33 43 43 33 43 34 43 33 43 34 43 33 43 34 34 34 
43 44 33 44 34 44 33 33 33 33 33 33 33 44 43 43 33 43 34 34 
34 34 34 34 34 43 44 44 43 34 
333 333 444 433 334 334 434 433 434 333 344 343 433 343 344 443 343 333 433 334 
334 434 344 443 434 344 443 434 344 443 434 433 434 333 433 443 434 344 443 434 
433 343 433 343 344 334 443 334 434 344 334 443 334 343 333 344 434 444 444 344 
434 333 433 443 434 344 443 343 333 433 334 334 343 444 333 333 444 344 343 344 
443 434 433 434 444 333 333 333 333 444 
44 34 44 44 34 33 43 34 43 33 34 33 34 44 44 43 34 34 43 33 
43 34 34 43 33 34 44 33 44 43 34 34 34 43 33 43 34 43 44 33 
33 33 44 43 34 43 33 43 34 43 44 44 34 44 33 44 43 43 44 33 
44 43 43 44 33 33 44 34 44 44 34 44 44 34 33 34 33 43 43 33 
34 44 33 33 33 33 33 33 44 34 
44 34 44 44 34 44 33 44 34 33 34 33 43 34 43 44 44 43 34 43 
44 44 43 34 43 44 33 44 43 43 33 43 34 43 44 33 33 33 33 44 
43 43 33 34 44 44 43 34 34 34 34 43 44 44 34 33 43 34 43 33 
43 43 33 43 43 44 33 33 33 44 34 33 43 43 44 33 44 34 33 34 
44 33 33 33 33 44 43 43 44 33 
3333 3333 3444 3344 4434 3333 3433 4434 3444 3333 3344 4434 3333 3344 4334 4334 4434 3333 3444 3333 
3444 3344 4343 3344 4443 4334 4434 3333 3333 3433 4334 4443 4443 4343 3344 4434 3344 4334 4343 3333 
3444 3444 3433 4334 4334 4343 3433 4334 4434 3433 4443 4334 4343 3433 4443 4334 4434 3444 3344 4334 
4334 4343 3344 4434 3344 4334 4343 3333 3444 3333 3444 3344 4343 3433 4434 3433 4343 3444 3444 3444 
3433 4443 4434 3344 4343 3444 3444 3444 3433 4334 
33 44 43 34 43 33 43 34 34 34 43 33 43 34 43 44 33 33 44 43 
43 44 33 33 44 34 44 44 34 44 44 34 33 34 33 43 34 43 44 33 
44 43 43 44 44 34 33 43 34 43 33 43 34 34 43 33 43 43 33 43 
34 34 34 34 43 44 33 44 34 44 33 33 44 34 33 34 33 34 44 44 
34 33 43 34 43 44 44 34 33 43 
333 444 344 434 444 444 433 443 343 444 333 333 444 344 434 333 344 343 433 434 
444 444 344 343 433 343 344 443 434 433 434 333 344 343 344 443 434 344 443 343 
444 444 344 434 333 344 343 433 434 333 433 443 343 333 433 443 434 433 434 333 
344 434 444 333 444 433 443 343 333 433 443 434 344 443 343 444 333 444 344 434 
333 433 443 434 433 343 344 334 334 434 
33 33 33 33 44 43 43 33 34 33 43 43 44 44 43 34 43 33 43 43 
33 43 43 33 34 33 43 34 43 33 34 33 43 34 43 33 34 44 44 34 
44 44 34 33 34 33 43 43 33 34 33 34 33 34 33 34 44 33 44 34 
44 33 44 34 44 44 34 33 43 43 44 33 33 44 43 34 34 43 33 34 
33 43 43 33 43 34 43 44 44 43 
33 44 43 34 43 44 44 34 44 33 44 34 44 33 44 43 43 44 44 34 
44 44 43 34 34 34 34 43 44 44 43 34 43 33 34 33 34 44 33 44 
43 34 34 43 33 34 44 33 33 44 43 34 43 33 43 34 43 44 44 43 
34 34 43 33 34 33 43 34 34 43 33 43 34 34 34 34 43 44 44 43 
34 43 44 33 44 43 34 34 34 34 
3444 3433 4443 4343 3444 3433 4343 3344 4443 4443 4334 4443 4343 3344 4343 3444 3333 3344 4434 3333 
3344 4334 4443 4443 4343 3344 4434 3433 4343 3444 3333 3433 4443 4434 3344 4434 3433 4343 3444 3333 
3433 4443 4434 3433 4443 4443 4334 4443 4434 3333 3444 3333 3333 3333 3444 3433 4334 4334 4434 3444 
3344 4334 4443 4334 4443 4343 3433 4443 4443 4334 4443 4343 3433 4443 4443 4334 4334 4443 4434 3444 
3433 4343 3344 4443 4334 4434 3444 3433 4434 3444 
33 44 34 33 43 34 34 43 44 33 44 43 43 44 33 44 34 33 34 33 
34 33 43 34 34 34 43 33 34 44 33 44 43 43 33 34 44 44 43 34 
34 43 33 43 43 44 44 43 34 43 44 33 33 44 34 44 33 33 33 33 
44 43 43 44 44 43 34 34 34 34 43 33 34 44 33 44 34 33 34 33 
43 34 34 43 33 34 44 44 43 43 
333 333 333 333 444 433 443 434 344 334 334 343 333 433 443 434 433 434 333 344 
434 444 444 433 334 334 343 333 433 443 434 344 443 343 333 433 334 334 434 433 
434 333 433 334 334 434 344 443 434 433 343 433 434 444 333 333 444 433 443 434 
433 343 433 434 444 333 333 333 444 344 343 433 343 344 443 434 433 343 344 334 
443 443 443 334 343 333 433 334 334 343 
33 33 33 44 34 33 43 34 43 44 44 43 34 34 34 34 43 33 43 34 
43 33 43 34 43 44 33 44 43 34 34 34 34 34 34 34 43 44 33 33 
33 33 44 34 33 43 34 43 44 44 43 34 34 34 43 33 34 33 34 44 
44 43 43 33 34 44 33 44 43 34 34 43 44 33 33 33 44 43 34 34 
34 43 44 44 34 44 44 34 44 33 
33 44 34 33 34 33 43 43 33 43 43 33 43 34 34 43 33 34 33 34 
33 34 44 33 44 34 33 34 33 34 44 44 43 43 44 44 43 43 33 43 
43 44 33 44 34 44 33 33 44 34 33 34 33 43 43 44 33 44 34 44 
44 43 34 43 33 34 33 34 44 33 44 34 44 44 43 43 33 34 33 34 
33 34 44 44 34 33 34 33 43 43 
